{
  "source": "mock-v0.1（手编 attention 矩阵示意，不是真实 GPT 输出）",
  "examples": [
    {
      "id": "pronoun_resolve",
      "label": "指代消解：「她」指谁？",
      "tokens": [
        "Lucy",
        "把",
        "书",
        "放在",
        "桌上",
        "因为",
        "她",
        "累",
        "了"
      ],
      "highlight": "看 \"她\"（idx=6）的注意力——它强烈看向 \"Lucy\"（idx=0）",
      "defaultFromIdx": 6,
      "layers": [
        [
          [
            0.23076923076923078,
            0.23076923076923078,
            0.07692307692307693,
            0.07692307692307693,
            0.07692307692307693,
            0.07692307692307693,
            0.07692307692307693,
            0.07692307692307693,
            0.07692307692307693
          ],
          [
            0.14285714285714285,
            0.21428571428571427,
            0.21428571428571427,
            0.07142857142857142,
            0.07142857142857142,
            0.07142857142857142,
            0.07142857142857142,
            0.07142857142857142,
            0.07142857142857142
          ],
          [
            0.07142857142857142,
            0.14285714285714285,
            0.21428571428571427,
            0.21428571428571427,
            0.07142857142857142,
            0.07142857142857142,
            0.07142857142857142,
            0.07142857142857142,
            0.07142857142857142
          ],
          [
            0.09090909090909091,
            0.09090909090909091,
            0.09090909090909091,
            0.2727272727272727,
            0.09090909090909091,
            0.09090909090909091,
            0.09090909090909091,
            0.09090909090909091,
            0.09090909090909091
          ],
          [
            0.09090909090909091,
            0.09090909090909091,
            0.09090909090909091,
            0.09090909090909091,
            0.2727272727272727,
            0.09090909090909091,
            0.09090909090909091,
            0.09090909090909091,
            0.09090909090909091
          ],
          [
            0.09090909090909091,
            0.09090909090909091,
            0.09090909090909091,
            0.09090909090909091,
            0.09090909090909091,
            0.2727272727272727,
            0.09090909090909091,
            0.09090909090909091,
            0.09090909090909091
          ],
          [
            0.0625,
            0.0625,
            0.0625,
            0.0625,
            0.0625,
            0.25,
            0.1875,
            0.1875,
            0.0625
          ],
          [
            0.09090909090909091,
            0.09090909090909091,
            0.09090909090909091,
            0.09090909090909091,
            0.09090909090909091,
            0.09090909090909091,
            0.09090909090909091,
            0.2727272727272727,
            0.09090909090909091
          ],
          [
            0.09090909090909091,
            0.09090909090909091,
            0.09090909090909091,
            0.09090909090909091,
            0.09090909090909091,
            0.09090909090909091,
            0.09090909090909091,
            0.09090909090909091,
            0.2727272727272727
          ]
        ],
        [
          [
            0.2727272727272727,
            0.09090909090909091,
            0.09090909090909091,
            0.09090909090909091,
            0.09090909090909091,
            0.09090909090909091,
            0.09090909090909091,
            0.09090909090909091,
            0.09090909090909091
          ],
          [
            0.09090909090909091,
            0.2727272727272727,
            0.09090909090909091,
            0.09090909090909091,
            0.09090909090909091,
            0.09090909090909091,
            0.09090909090909091,
            0.09090909090909091,
            0.09090909090909091
          ],
          [
            0.09090909090909091,
            0.09090909090909091,
            0.2727272727272727,
            0.09090909090909091,
            0.09090909090909091,
            0.09090909090909091,
            0.09090909090909091,
            0.09090909090909091,
            0.09090909090909091
          ],
          [
            0.09090909090909091,
            0.09090909090909091,
            0.09090909090909091,
            0.2727272727272727,
            0.09090909090909091,
            0.09090909090909091,
            0.09090909090909091,
            0.09090909090909091,
            0.09090909090909091
          ],
          [
            0.09090909090909091,
            0.09090909090909091,
            0.09090909090909091,
            0.09090909090909091,
            0.2727272727272727,
            0.09090909090909091,
            0.09090909090909091,
            0.09090909090909091,
            0.09090909090909091
          ],
          [
            0.09090909090909091,
            0.09090909090909091,
            0.09090909090909091,
            0.09090909090909091,
            0.09090909090909091,
            0.2727272727272727,
            0.09090909090909091,
            0.09090909090909091,
            0.09090909090909091
          ],
          [
            0.25,
            0.0625,
            0.0625,
            0.0625,
            0.0625,
            0.1875,
            0.1875,
            0.0625,
            0.0625
          ],
          [
            0.07142857142857142,
            0.07142857142857142,
            0.07142857142857142,
            0.07142857142857142,
            0.07142857142857142,
            0.07142857142857142,
            0.2857142857142857,
            0.21428571428571427,
            0.07142857142857142
          ],
          [
            0.07142857142857142,
            0.07142857142857142,
            0.07142857142857142,
            0.07142857142857142,
            0.07142857142857142,
            0.07142857142857142,
            0.07142857142857142,
            0.2857142857142857,
            0.21428571428571427
          ]
        ],
        [
          [
            0.2727272727272727,
            0.09090909090909091,
            0.09090909090909091,
            0.09090909090909091,
            0.09090909090909091,
            0.09090909090909091,
            0.09090909090909091,
            0.09090909090909091,
            0.09090909090909091
          ],
          [
            0.09090909090909091,
            0.2727272727272727,
            0.09090909090909091,
            0.09090909090909091,
            0.09090909090909091,
            0.09090909090909091,
            0.09090909090909091,
            0.09090909090909091,
            0.09090909090909091
          ],
          [
            0.09090909090909091,
            0.09090909090909091,
            0.2727272727272727,
            0.09090909090909091,
            0.09090909090909091,
            0.09090909090909091,
            0.09090909090909091,
            0.09090909090909091,
            0.09090909090909091
          ],
          [
            0.09090909090909091,
            0.09090909090909091,
            0.09090909090909091,
            0.2727272727272727,
            0.09090909090909091,
            0.09090909090909091,
            0.09090909090909091,
            0.09090909090909091,
            0.09090909090909091
          ],
          [
            0.09090909090909091,
            0.09090909090909091,
            0.09090909090909091,
            0.09090909090909091,
            0.2727272727272727,
            0.09090909090909091,
            0.09090909090909091,
            0.09090909090909091,
            0.09090909090909091
          ],
          [
            0.09090909090909091,
            0.09090909090909091,
            0.09090909090909091,
            0.09090909090909091,
            0.09090909090909091,
            0.2727272727272727,
            0.09090909090909091,
            0.09090909090909091,
            0.09090909090909091
          ],
          [
            0.42857142857142855,
            0.047619047619047616,
            0.047619047619047616,
            0.047619047619047616,
            0.047619047619047616,
            0.047619047619047616,
            0.14285714285714285,
            0.14285714285714285,
            0.047619047619047616
          ],
          [
            0.23529411764705882,
            0.058823529411764705,
            0.058823529411764705,
            0.058823529411764705,
            0.058823529411764705,
            0.058823529411764705,
            0.23529411764705882,
            0.17647058823529413,
            0.058823529411764705
          ],
          [
            0.09090909090909091,
            0.09090909090909091,
            0.09090909090909091,
            0.09090909090909091,
            0.09090909090909091,
            0.09090909090909091,
            0.09090909090909091,
            0.09090909090909091,
            0.2727272727272727
          ]
        ]
      ]
    },
    {
      "id": "long_distance",
      "label": "长距离依赖：「看到」的对象是？",
      "tokens": [
        "今天",
        "我",
        "在",
        "公园",
        "里",
        "看到",
        "一只",
        "流浪",
        "的",
        "小",
        "黑",
        "猫"
      ],
      "highlight": "看 \"看到\"（idx=5）的注意力——它跨过 6 个修饰词，最终看向 \"猫\"（idx=11）",
      "defaultFromIdx": 5,
      "layers": [
        [
          [
            0.21428571428571427,
            0.07142857142857142,
            0.07142857142857142,
            0.07142857142857142,
            0.07142857142857142,
            0.07142857142857142,
            0.07142857142857142,
            0.07142857142857142,
            0.07142857142857142,
            0.07142857142857142,
            0.07142857142857142,
            0.07142857142857142
          ],
          [
            0.07142857142857142,
            0.21428571428571427,
            0.07142857142857142,
            0.07142857142857142,
            0.07142857142857142,
            0.07142857142857142,
            0.07142857142857142,
            0.07142857142857142,
            0.07142857142857142,
            0.07142857142857142,
            0.07142857142857142,
            0.07142857142857142
          ],
          [
            0.07142857142857142,
            0.07142857142857142,
            0.21428571428571427,
            0.07142857142857142,
            0.07142857142857142,
            0.07142857142857142,
            0.07142857142857142,
            0.07142857142857142,
            0.07142857142857142,
            0.07142857142857142,
            0.07142857142857142,
            0.07142857142857142
          ],
          [
            0.07142857142857142,
            0.07142857142857142,
            0.07142857142857142,
            0.21428571428571427,
            0.07142857142857142,
            0.07142857142857142,
            0.07142857142857142,
            0.07142857142857142,
            0.07142857142857142,
            0.07142857142857142,
            0.07142857142857142,
            0.07142857142857142
          ],
          [
            0.07142857142857142,
            0.07142857142857142,
            0.07142857142857142,
            0.07142857142857142,
            0.21428571428571427,
            0.07142857142857142,
            0.07142857142857142,
            0.07142857142857142,
            0.07142857142857142,
            0.07142857142857142,
            0.07142857142857142,
            0.07142857142857142
          ],
          [
            0.05555555555555555,
            0.05555555555555555,
            0.05555555555555555,
            0.05555555555555555,
            0.16666666666666666,
            0.16666666666666666,
            0.16666666666666666,
            0.05555555555555555,
            0.05555555555555555,
            0.05555555555555555,
            0.05555555555555555,
            0.05555555555555555
          ],
          [
            0.07142857142857142,
            0.07142857142857142,
            0.07142857142857142,
            0.07142857142857142,
            0.07142857142857142,
            0.07142857142857142,
            0.21428571428571427,
            0.07142857142857142,
            0.07142857142857142,
            0.07142857142857142,
            0.07142857142857142,
            0.07142857142857142
          ],
          [
            0.07142857142857142,
            0.07142857142857142,
            0.07142857142857142,
            0.07142857142857142,
            0.07142857142857142,
            0.07142857142857142,
            0.07142857142857142,
            0.21428571428571427,
            0.07142857142857142,
            0.07142857142857142,
            0.07142857142857142,
            0.07142857142857142
          ],
          [
            0.07142857142857142,
            0.07142857142857142,
            0.07142857142857142,
            0.07142857142857142,
            0.07142857142857142,
            0.07142857142857142,
            0.07142857142857142,
            0.07142857142857142,
            0.21428571428571427,
            0.07142857142857142,
            0.07142857142857142,
            0.07142857142857142
          ],
          [
            0.07142857142857142,
            0.07142857142857142,
            0.07142857142857142,
            0.07142857142857142,
            0.07142857142857142,
            0.07142857142857142,
            0.07142857142857142,
            0.07142857142857142,
            0.07142857142857142,
            0.21428571428571427,
            0.07142857142857142,
            0.07142857142857142
          ],
          [
            0.07142857142857142,
            0.07142857142857142,
            0.07142857142857142,
            0.07142857142857142,
            0.07142857142857142,
            0.07142857142857142,
            0.07142857142857142,
            0.07142857142857142,
            0.07142857142857142,
            0.07142857142857142,
            0.21428571428571427,
            0.07142857142857142
          ],
          [
            0.0625,
            0.0625,
            0.0625,
            0.0625,
            0.0625,
            0.0625,
            0.0625,
            0.0625,
            0.0625,
            0.0625,
            0.1875,
            0.1875
          ]
        ],
        [
          [
            0.21428571428571427,
            0.07142857142857142,
            0.07142857142857142,
            0.07142857142857142,
            0.07142857142857142,
            0.07142857142857142,
            0.07142857142857142,
            0.07142857142857142,
            0.07142857142857142,
            0.07142857142857142,
            0.07142857142857142,
            0.07142857142857142
          ],
          [
            0.07142857142857142,
            0.21428571428571427,
            0.07142857142857142,
            0.07142857142857142,
            0.07142857142857142,
            0.07142857142857142,
            0.07142857142857142,
            0.07142857142857142,
            0.07142857142857142,
            0.07142857142857142,
            0.07142857142857142,
            0.07142857142857142
          ],
          [
            0.07142857142857142,
            0.07142857142857142,
            0.21428571428571427,
            0.07142857142857142,
            0.07142857142857142,
            0.07142857142857142,
            0.07142857142857142,
            0.07142857142857142,
            0.07142857142857142,
            0.07142857142857142,
            0.07142857142857142,
            0.07142857142857142
          ],
          [
            0.07142857142857142,
            0.07142857142857142,
            0.07142857142857142,
            0.21428571428571427,
            0.07142857142857142,
            0.07142857142857142,
            0.07142857142857142,
            0.07142857142857142,
            0.07142857142857142,
            0.07142857142857142,
            0.07142857142857142,
            0.07142857142857142
          ],
          [
            0.07142857142857142,
            0.07142857142857142,
            0.07142857142857142,
            0.07142857142857142,
            0.21428571428571427,
            0.07142857142857142,
            0.07142857142857142,
            0.07142857142857142,
            0.07142857142857142,
            0.07142857142857142,
            0.07142857142857142,
            0.07142857142857142
          ],
          [
            0.05263157894736842,
            0.05263157894736842,
            0.05263157894736842,
            0.05263157894736842,
            0.05263157894736842,
            0.15789473684210525,
            0.21052631578947367,
            0.05263157894736842,
            0.05263157894736842,
            0.05263157894736842,
            0.05263157894736842,
            0.15789473684210525
          ],
          [
            0.07142857142857142,
            0.07142857142857142,
            0.07142857142857142,
            0.07142857142857142,
            0.07142857142857142,
            0.07142857142857142,
            0.21428571428571427,
            0.07142857142857142,
            0.07142857142857142,
            0.07142857142857142,
            0.07142857142857142,
            0.07142857142857142
          ],
          [
            0.07142857142857142,
            0.07142857142857142,
            0.07142857142857142,
            0.07142857142857142,
            0.07142857142857142,
            0.07142857142857142,
            0.07142857142857142,
            0.21428571428571427,
            0.07142857142857142,
            0.07142857142857142,
            0.07142857142857142,
            0.07142857142857142
          ],
          [
            0.07142857142857142,
            0.07142857142857142,
            0.07142857142857142,
            0.07142857142857142,
            0.07142857142857142,
            0.07142857142857142,
            0.07142857142857142,
            0.07142857142857142,
            0.21428571428571427,
            0.07142857142857142,
            0.07142857142857142,
            0.07142857142857142
          ],
          [
            0.07142857142857142,
            0.07142857142857142,
            0.07142857142857142,
            0.07142857142857142,
            0.07142857142857142,
            0.07142857142857142,
            0.07142857142857142,
            0.07142857142857142,
            0.07142857142857142,
            0.21428571428571427,
            0.07142857142857142,
            0.07142857142857142
          ],
          [
            0.07142857142857142,
            0.07142857142857142,
            0.07142857142857142,
            0.07142857142857142,
            0.07142857142857142,
            0.07142857142857142,
            0.07142857142857142,
            0.07142857142857142,
            0.07142857142857142,
            0.07142857142857142,
            0.21428571428571427,
            0.07142857142857142
          ],
          [
            0.056818181818181816,
            0.056818181818181816,
            0.056818181818181816,
            0.056818181818181816,
            0.056818181818181816,
            0.056818181818181816,
            0.056818181818181816,
            0.056818181818181816,
            0.056818181818181816,
            0.1477272727272727,
            0.17045454545454544,
            0.17045454545454544
          ]
        ],
        [
          [
            0.21428571428571427,
            0.07142857142857142,
            0.07142857142857142,
            0.07142857142857142,
            0.07142857142857142,
            0.07142857142857142,
            0.07142857142857142,
            0.07142857142857142,
            0.07142857142857142,
            0.07142857142857142,
            0.07142857142857142,
            0.07142857142857142
          ],
          [
            0.07142857142857142,
            0.21428571428571427,
            0.07142857142857142,
            0.07142857142857142,
            0.07142857142857142,
            0.07142857142857142,
            0.07142857142857142,
            0.07142857142857142,
            0.07142857142857142,
            0.07142857142857142,
            0.07142857142857142,
            0.07142857142857142
          ],
          [
            0.07142857142857142,
            0.07142857142857142,
            0.21428571428571427,
            0.07142857142857142,
            0.07142857142857142,
            0.07142857142857142,
            0.07142857142857142,
            0.07142857142857142,
            0.07142857142857142,
            0.07142857142857142,
            0.07142857142857142,
            0.07142857142857142
          ],
          [
            0.07142857142857142,
            0.07142857142857142,
            0.07142857142857142,
            0.21428571428571427,
            0.07142857142857142,
            0.07142857142857142,
            0.07142857142857142,
            0.07142857142857142,
            0.07142857142857142,
            0.07142857142857142,
            0.07142857142857142,
            0.07142857142857142
          ],
          [
            0.07142857142857142,
            0.07142857142857142,
            0.07142857142857142,
            0.07142857142857142,
            0.21428571428571427,
            0.07142857142857142,
            0.07142857142857142,
            0.07142857142857142,
            0.07142857142857142,
            0.07142857142857142,
            0.07142857142857142,
            0.07142857142857142
          ],
          [
            0.041666666666666664,
            0.041666666666666664,
            0.041666666666666664,
            0.041666666666666664,
            0.041666666666666664,
            0.125,
            0.125,
            0.041666666666666664,
            0.041666666666666664,
            0.041666666666666664,
            0.041666666666666664,
            0.375
          ],
          [
            0.07142857142857142,
            0.07142857142857142,
            0.07142857142857142,
            0.07142857142857142,
            0.07142857142857142,
            0.07142857142857142,
            0.21428571428571427,
            0.07142857142857142,
            0.07142857142857142,
            0.07142857142857142,
            0.07142857142857142,
            0.07142857142857142
          ],
          [
            0.07142857142857142,
            0.07142857142857142,
            0.07142857142857142,
            0.07142857142857142,
            0.07142857142857142,
            0.07142857142857142,
            0.07142857142857142,
            0.21428571428571427,
            0.07142857142857142,
            0.07142857142857142,
            0.07142857142857142,
            0.07142857142857142
          ],
          [
            0.07142857142857142,
            0.07142857142857142,
            0.07142857142857142,
            0.07142857142857142,
            0.07142857142857142,
            0.07142857142857142,
            0.07142857142857142,
            0.07142857142857142,
            0.21428571428571427,
            0.07142857142857142,
            0.07142857142857142,
            0.07142857142857142
          ],
          [
            0.07142857142857142,
            0.07142857142857142,
            0.07142857142857142,
            0.07142857142857142,
            0.07142857142857142,
            0.07142857142857142,
            0.07142857142857142,
            0.07142857142857142,
            0.07142857142857142,
            0.21428571428571427,
            0.07142857142857142,
            0.07142857142857142
          ],
          [
            0.07142857142857142,
            0.07142857142857142,
            0.07142857142857142,
            0.07142857142857142,
            0.07142857142857142,
            0.07142857142857142,
            0.07142857142857142,
            0.07142857142857142,
            0.07142857142857142,
            0.07142857142857142,
            0.21428571428571427,
            0.07142857142857142
          ],
          [
            0.05555555555555555,
            0.05555555555555555,
            0.05555555555555555,
            0.05555555555555555,
            0.05555555555555555,
            0.05555555555555555,
            0.05555555555555555,
            0.16666666666666666,
            0.05555555555555555,
            0.05555555555555555,
            0.16666666666666666,
            0.16666666666666666
          ]
        ]
      ]
    },
    {
      "id": "word_sense",
      "label": "上下文歧义：「苹果」是水果还是公司？",
      "tokens": [
        "他",
        "用",
        "苹果",
        "写",
        "代码"
      ],
      "highlight": "看 \"苹果\"（idx=2）的注意力——它会强烈看向\"用\"\"写\"\"代码\"，让模型理解这里指公司/电脑",
      "defaultFromIdx": 2,
      "layers": [
        [
          [
            0.42857142857142855,
            0.14285714285714285,
            0.14285714285714285,
            0.14285714285714285,
            0.14285714285714285
          ],
          [
            0.14285714285714285,
            0.42857142857142855,
            0.14285714285714285,
            0.14285714285714285,
            0.14285714285714285
          ],
          [
            0.09090909090909091,
            0.2727272727272727,
            0.2727272727272727,
            0.2727272727272727,
            0.09090909090909091
          ],
          [
            0.14285714285714285,
            0.14285714285714285,
            0.14285714285714285,
            0.42857142857142855,
            0.14285714285714285
          ],
          [
            0.14285714285714285,
            0.14285714285714285,
            0.14285714285714285,
            0.14285714285714285,
            0.42857142857142855
          ]
        ],
        [
          [
            0.42857142857142855,
            0.14285714285714285,
            0.14285714285714285,
            0.14285714285714285,
            0.14285714285714285
          ],
          [
            0.14285714285714285,
            0.42857142857142855,
            0.14285714285714285,
            0.14285714285714285,
            0.14285714285714285
          ],
          [
            0.06666666666666667,
            0.26666666666666666,
            0.2,
            0.26666666666666666,
            0.2
          ],
          [
            0.14285714285714285,
            0.14285714285714285,
            0.14285714285714285,
            0.42857142857142855,
            0.14285714285714285
          ],
          [
            0.14285714285714285,
            0.14285714285714285,
            0.14285714285714285,
            0.14285714285714285,
            0.42857142857142855
          ]
        ],
        [
          [
            0.42857142857142855,
            0.14285714285714285,
            0.14285714285714285,
            0.14285714285714285,
            0.14285714285714285
          ],
          [
            0.14285714285714285,
            0.42857142857142855,
            0.14285714285714285,
            0.14285714285714285,
            0.14285714285714285
          ],
          [
            0.05,
            0.2,
            0.15,
            0.25,
            0.35
          ],
          [
            0.14285714285714285,
            0.14285714285714285,
            0.14285714285714285,
            0.42857142857142855,
            0.14285714285714285
          ],
          [
            0.14285714285714285,
            0.14285714285714285,
            0.14285714285714285,
            0.14285714285714285,
            0.42857142857142855
          ]
        ]
      ]
    }
  ]
}